3387
693
634
1446
749
600
513
432
408
239
790
680
1036
505
1024
729
566
617
742
360
409
526
319
506
441
249
583
467
641
593
530
717
1127
534
551
270
373
557
303
960
399
539
327
656
467
748
605
724
921
440
260
688
543
857
468
733
641
408
679
718
524
442
532
634
385
851
369
206
539
176
187
644
540
577
324
358
244
639
526
321
495
267
1307
314
564
890
656
165
988
844
361
312
514
261
309
302
469
452
619
405
625
597
425
347
669
431
541
766
384
289
496
607
609
595
389
540
441
464
138
943
691
641
433
453
369
708
422
420
633
467
817
507
769
431
589
869
621
444
582
655
499
354
505
330
324
557
954
442
813
219
946
772
485
939
550
716
643
217
828
2693
616
508
458
471
310
422
682
362
245
573
246
259
249
314
418
307
657
447
313
499
336
524
250
328
272
742
570
276
451
459
472
303
696
538
179
353
210
564
267
325
360
161
416
569
250
182
796
432
492
468
232
288
568
390
417
251
248
269
553
634
503
449
327
296
302
240
347
239
208
391
397
172
453
252
371
377
81
470
376
244
583
361
247
221
333
453
302
893
624
608
749
256
449
410
176
406
754
389
275
268
426
279
102
206
355
427
352
364
202
246
629
561
422
487
508
250
272
204
392
598
174
207
373
368
178
198
325
292
120
213
282
369
224
347
250
336
324
279
256
252
522
306
332
322
339
178
273
170
220
700
531
480
247
486
566
354
278
160
358
457
201
280
500
402
101
309
332
287
443
419
255
391
418
221
310
429
298
400
219
184
487
402
321
341
410
316
319
377
503
184
473
318
322
644
367
288
474
490
392
459
408
344
361
221
105
548
474
480
437
381
484
433
430
250
223
702
269
285
253
339
2435
138
489
229
170
401
463
333
419
395
492
343
463
254
593
195
354
443
241
327
428
488
156
607
124
811
254
254
534
214
164
460
308
483
644
148
169
594
419
513
456
310
380
289
487
567
459
338
274
422
242
272
307
334
805
489
270
366
455
235
136
201
239
888
279
255
352
225
280
450
523
468
392
330
300
308
228
235
192
482
365
404
266
264
543
289
318
685
411
228
566
229
211
477
298
404
506
304
351
595
160
74
447
305
698
355
455
331
412
192
341
481
108
398
464
733
560
224
337
245
167
348
366
316
190
216
343
531
588
239
359
239
547
453
412
599
503
253
369
338
185
311
231
153
567
557
396
103
395
375
334
401
165
300
286
600
419
236
207
141
625
311
331
362
447
515
295
463
414
246
263
380
399
461
474
603
583
538
463
143
366
520
239
202
383
334
431
463
449
295
240
445
373
207
298
309
263
334
600
338
182
293
469
450
303
401
838
344
609
503
185
231
336
411
186
129
383
291
551
306
432
404
280
264
2252
568
440
519
551
281
335
199
252
338
306
313
282
241
248
239
449
293
417
189
679
556
777
337
274
307
430
384
109
318
431
702
320
330
246
362
163
379
424
291
387
374
213
511
578
317
359
429
393
264
255
225
440
548
319
207
340
726
411
327
430
194
353
571
294
120
505
448
247
262
169
599
312
557
359
253
283
239
573
307
506
216
277
304
297
284
343
359
280
564
295
363
390
184
672
230
435
356
436
280
259
504
490
331
334
395
522
385
172
190
280
532
283
131
305
249
290
306
431
152
166
578
240
178
136
271
325
335
231
354
618
550
344
248
370
381
304
475
471
510
355
427
515
307
318
436
289
167
549
362
504
242
702
445
384
107
327
208
328
509
288
414
263
458
446
186
141
211
325
409
267
200
309
584
364
222
315
465
279
313
210
252
635
381
497
340
97
104
398
207
297
401
558
341
269
448
251
420
726
341
572
248
349
167
198
439
738
419
195
529
506
148
301
287
328
338
487
481
622
432
275
2341
555
240
241
214
283
273
224
470
317
209
463
431
507
254
231
405
827
195
378
614
445
327
176
329
605
351
380
537
332
428
261
297
346
356
416
558
477
262
146
570
339
327
192
491
133
338
481
320
540
282
415
521
259
341
550
544
332
378
253
432
631
431
417
497
244
525
630
534
513
214
393
454
485
265
518
336
541
498
494
293
295
291
406
441
183
462
387
453
650
172
291
364
428
344
804
457
378
269
502
313
288
194
340
337
280
472
195
177
451
372
280
368
188
471
625
548
557
264
168
573
339
272
278
599
396
286
246
323
338
525
535
245
259
264
721
421
256
90
342
356
584
488
412
473
154
245
171
427
444
331
446
103
265
293
171
253
384
383
362
403
333
92
131
185
362
244
493
384
376
217
267
569
319
365
333
544
471
350
262
261
238
406
236
263
452
450
382
413
430
104
526
516
152
438
336
339
317
498
475
217
243
301
756
109
340
412
627
386
351
311
156
400
432
556
208
187
198
192
277
2583
355
282
244
418
676
105
203
449
131
151
591
414
130
379
552
205
302
249
361
268
316
114
138
420
252
338
341
227
517
219
378
302
397
276
297
404
460
515
598
604
450
634
345
519
453
230
452
362
412
410
108
260
358
463
429
289
279
342
454
608
260
164
399
294
437
281
349
351
270
368
313
485
381
657
183
166
428
450
386
158
571
517
328
332
260
318
546
339
193
421
291
133
329
301
827
461
170
240
193
108
453
193
419
239
264
143
257
423
494
400
635
533
333
609
273
218
530
643
677
284
297
342
141
890
223
302
350
238
307
209
645
227
391
312
353
144
278
396
141
518
587
148
324
217
272
235
139
228
182
130
625
386
350
343
183
295
463
310
272
559
121
242
143
445
253
567
294
409
300
444
209
276
143
244
232
236
641
428
569
482
330
455
179
469
562
380
297
431
727
363
588
350
311
203
457
366
302
238
578
431
341
170
552
124
444
459
292
139
494
418
150
501
182
535
209
405
466
501
199
265
476
520
178
404
509
621
435
237
2524
297
344
365
332
296
465
529
457
134
252
478
95
451
537
343
352
158
347
319
332
336
189
640
544
166
194
357
336
281
259
298
570
296
680
175
324
234
297
377
521
561
307
344
385
359
290
492
318
641
233
214
223
295
291
193
458
242
740
520
530
634
276
336
247
609
231
355
447
172
365
651
200
98
331
288
272
179
524
452
195
436
297
345
361
211
301
557
447
152
411
217
107
249
474
431
402
196
329
279
333
132
261
342
230
429
284
239
153
269
680
176
367
211
331
255
387
405
505
200
199
263
693
614
304
234
142
520
154
277
355
209
274
403
472
459
238
484
517
270
473
248
582
583
392
542
339
522
256
329
654
703
545
399
93
361
422
333
209
270
387
358
587
523
324
463
365
294
130
271
473
389
304
509
677
677
315
135
658
508
213
437
226
180
153
500
286
343
408
120
490
485
198
449
435
312
385
397
275
228
267
467
477
217
354
363
264
259
453
261
508
253
408
366
202
348
291
351
347
100
377
327
446
241
149
602
275
241
2856
482
436
381
307
767
411
486
384
532
110
473
375
333
233
394
153
505
249
371
413
288
495
535
84
331
338
436
357
210
271
389
383
279
337
293
467
333
251
272
356
595
386
367
374
364
289
540
460
207
197
532
355
134
112
404
245
561
133
332
328
409
452
383
325
226
253
311
448
243
371
514
677
272
231
353
252
520
330
157
499
560
97
268
402
357
270
343
182
414
319
619
453
270
197
349
233
665
218
569
525
235
189
509
178
161
385
327
306
302
343
468
333
311
370
380
350
422
247
488
426
120
562
343
186
228
334
536
175
639
237
205
343
167
557
389
323
312
126
414
437
478
352
78
327
429
330
249
139
332
234
328
508
280
639
380
556
445
210
375
318
591
370
419
325
386
187
440
398
497
504
504
519
452
260
603
373
557
124
509
164
203
199
303
420
146
398
626
378
422
178
249
155
483
342
401
342
590
522
541
194
423
367
275
200
194
608
284
323
94
404
462
327
285
295
439
213
189
456
614
301
248
487
449
2623
412
331
122
219
637
267
614
447
636
844
200
419
687
369
521
402
373
411
427
312
414
339
395
339
325
456
233
228
196
349
471
334
236
489
157
290
644
170
634
408
285
123
201
443
885
345
287
228
245
533
558
292
250
194
692
227
605
308
256
205
235
232
333
374
402
339
182
223
324
427
172
341
291
180
254
323
495
322
513
215
281
518
350
346
393
458
817
338
527
473
249
352
421
452
389
165
201
426
421
269
332
357
500
347
208
270
268
457
413
859
211
271
397
480
588
354
172
161
354
444
498
466
412
519
413
143
298
341
615
414
417
344
284
584
375
569
540
269
401
416
449
425
322
230
298
458
578
565
297
388
513
237
611
439
294
337
284
345
116
509
419
301
323
170
164
366
279
269
470
247
453
258
269
587
380
514
384
311
318
208
431
567
438
395
499
193
616
550
370
328
272
391
121
225
177
514
422
237
491
237
313
291
611
710
473
380
283
273
352
281
375
510
405
278
522
584
2327
312
350
300
168
235
143
367
783
241
214
205
337
350
663
417
179
438
264
707
362
490
215
331
255
266
474
338
414
412
377
489
270
203
451
206
264
274
231
219
222
452
607
459
680
416
486
219
472
380
454
190
316
379
435
374
222
