107132
98463
69048
69529
68796
69082
85919
85921
85945
85916
85953
86023
85965
86604
88089
86931
88668
87451
86432
86117
86336
85991
86053
88649
86020
85964
86589
86051
85971
85960
86633
86388
85955
85946
86277
87276
86240
86377
86258
86268
86192
86095
86073
85980
89248
86001
85903
85939
85926
86417
86011
85978
85998
86420
86001
86002
85939
86348
86444
85972
85945
85910
85962
86040
86083
90258
85916
85933
86416
86610
86415
86570
85999
86085
86011
85917
86009
85947
86173
86022
85914
86040
86054
86179
86021
85924
89078
86118
86187
86180
85986
86321
86026
85926
86434
86109
86101
86514
86083
85993
86321
85920
85982
87127
85919
86495
86999
88818
85948
85954
86032
85881
85946
85914
86176
85930
85874
86308
86045
85979
85987
87314
85970
85872
85987
86063
86019
85957
89499
85927
86107
86107
86121
85923
86365
86432
86609
86006
86275
86431
86014
86607
86158
85987
86178
85989
86157
85993
86077
89069
86910
86088
86781
85972
85874
85973
86038
85943
85980
85916
86020
86318
86184
85969
85971
86059
85893
85971
85977
86076
86137
86000
89224
86023
86495
86518
86764
86476
85966
86896
85984
86603
85935
85920
86098
86017
85990
86059
85984
85885
86099
85936
85992
88078
85947
85967
86525
85981
85953
85904
85962
86018
86033
85931
85923
86128
87414
87970
86333
86507
86106
85930
85983
86025
88588
86339
86336
85879
86792
86034
86251
86401
86367
86491
86332
86360
85984
86081
85901
85964
86089
85992
86140
85973
86115
87974
86383
85912
85963
85970
86112
86308
86215
85993
85921
85960
86275
86342
85926
85970
86022
85987
86101
86055
86180
86418
88662
86642
85966
85929
86025
86055
86506
86478
86124
86036
86025
85942
86038
85955
85959
86032
86048
86418
85950
86260
87550
86294
86494
85967
86049
85948
86052
85999
85943
86057
86291
86015
86073
85958
86031
85970
86121
86751
86367
86489
86017
88016
85999
86032
85981
86208
86075
86385
85963
86004
86464
86254
85971
85915
85954
85976
86001
85969
86433
86284
86402
89882
85941
86258
86159
86099
85945
85899
86401
85939
85996
85959
85984
86049
85951
86769
85910
85999
86006
85992
85948
85901
85963
88050
86077
86089
86295
86013
86028
86003
85954
86029
86175
85941
85954
86076
86040
86133
85943
86026
86149
86135
85947
85960
88128
85969
85961
85989
86011
85935
86044
86508
86321
86345
86120
85981
86322
86310
85957
86255
86615
86630
86020
85963
86013
89380
86008
85944
85960
86096
85972
86360
85986
86016
86295
85936
85950
85941
85970
86001
86178
86212
85964
85993
86061
87621
86371
85980
85938
86089
86019
86031
85878
86408
86466
86019
85977
86168
86501
85992
86378
86017
86372
86023
85906
86447
86317
88551
86051
87001
86972
86349
86485
86213
85960
86331
88283
89543
93184
89770
86520
86127
86301
86063
86244
85892
85976
87874
86941
86397
85983
85956
85985
86028
85963
85980
85927
85929
85920
85990
85993
86447
86319
85919
85947
85985
86001
87537
86108
86282
86637
85993
86100
86014
86309
86236
86140
86367
86025
86383
86587
86063
86026
85945
87407
86440
86912
86277
91545
86398
86323
86500
87267
88682
86516
86576
87156
86744
86101
86179
89768
86908
85971
86152
86012
88158
86114
86054
87107
85957
86022
85994
85987
86449
86411
86514
88333
86389
86001
85999
86038
86688
86623
86009
85930
85928
86042
86068
85888
86132
87160
86910
86291
86335
86076
86846
86640
87491
86567
86095
86460
86060
88612
85992
85979
86204
86100
86310
87468
87974
89007
85965
86496
85905
85963
86450
86590
86355
85994
86074
87638
85997
86280
86631
85943
87156
86026
86016
85900
85928
86136
86044
87974
86172
85964
86012
85947
86172
86238
86021
85954
86430
86430
85989
86009
85893
85911
85945
85906
85969
85928
85945
85986
86354
86077
85989
85975
86083
86126
86106
92032
86225
85990
86204
88473
87996
89170
86086
86481
85986
85992
85939
86126
85978
86450
86866
86277
86001
86051
86089
86159
85900
86006
86488
86135
85890
85930
88758
86034
86200
86039
85904
85987
85936
85895
85971
85899
85984
86277
86033
85887
86314
85873
86903
86015
86144
85874
85868
85972
87053
86195
85949
85924
86376
87809
86015
86485
86001
88269
86226
86460
86216
87210
85961
85882
85916
85985
85937
85896
85920
86016
86261
85983
86012
89156
85927
85985
85965
86230
86012
86556
86018
85949
86255
85886
85949
85950
85959
85989
85986
86258
85871
86402
86492
86490
85951
85881
85930
85966
85910
85931
85879
85837
85891
85943
86367
85995
89062
85888
86001
85926
85888
86905
85861
86514
85927
86216
86032
86240
85916
85865
85978
85853
86453
85974
86629
85937
85871
86595
85903
85917
86662
85978
85870
87401
86108
85931
86245
86247
86388
85888
85905
85951
85986
85939
85892
85915
85968
85886
85934
86081
85920
85855
85928
85954
85879
85930
86376
85873
85905
86018
85932
89117
85992
85907
85985
86315
85916
85922
86014
85941
85913
86031
86436
86319
86089
85937
85958
85908
85903
85993
86035
86074
86011
86222
85936
85964
85912
86154
85839
88807
86009
86578
86454
86674
85975
86123
86566
86084
86328
85994
86395
85966
85936
86291
85975
85929
86107
86010
86537
86840
86768
86027
86010
86011
85902
88329
85992
85928
86038
85932
85952
86312
86266
86569
85859
86289
86275
86337
86681
89705
86469
86258
86699
86006
85923
86141
85962
85959
85915
86772
86381
89579
86271
86323
86342
86409
85967
86470
86303
86006
86210
85918
86007
86084
85913
85818
85931
85973
86008
85970
85953
86051
86256
85930
86316
86398
85896
85926
89024
86417
86225
86248
85964
85918
85904
86163
85957
85962
87121
85976
85964
85944
85987
85937
86749
86124
86154
85973
85973
86034
86303
86436
86358
85971
87061
86002
86716
85992
85945
86731
86048
85917
86032
85952
85926
86009
85951
86417
86483
86384
86452
86435
85973
85954
86016
85937
86023
85892
86102
86067
87923
85988
85968
85971
85952
85971
85933
85948
86154
86230
86013
85950
85968
86435
86184
85990
86480
85944
85971
86064
86047
86430
88078
85949
85952
86060
85859
88821
85948
85873
85973
86026
85939
85953
85904
86009
85973
85936
85884
85933
86359
86459
85970
85967
85922
86616
85993
85940
86713
85860
85966
86413
86200
85994
89844
86035
85946
85978
86229
85920
86310
85914
85984
85961
86036
85921
86407
85918
85978
85938
85967
85968
85890
85996
85994
85967
86289
86079
86526
86089
88042
86038
86287
85919
86121
86047
85941
85963
86482
86076
85905
85955
86451
86480
86074
85893
86118
85950
86178
86709
93104
86183
86180
85921
85974
85981
88063
85897
86610
86484
86975
85983
85974
85907
86357
87012
86095
85948
85955
86130
85926
85935
86182
86088
85998
85850
85919
85936
86040
86410
86873
86204
86141
89708
86726
85970
85917
85920
86332
85943
86074
86034
86001
86413
85928
85983
86026
85978
86062
85862
85897
86021
85975
85930
85938
85919
85950
86095
86497
88842
85929
85911
86418
85993
85999
85963
85965
85882
86035
86006
85930
86029
85961
86886
85897
86000
86059
86053
86546
85976
85902
86751
86463
86439
86230
88433
86465
85922
85923
86294
86965
86498
87710
88298
86055
86143
86098
86188
86647
86088
86158
85893
85993
86686
86305
86686
86603
85942
85978
85875
88372
85865
86273
85994
86005
85975
85902
85966
85937
85908
85930
86024
85886
85962
85997
85979
86282
85904
85922
85979
86458
86620
85951
85935
88139
86542
86445
86023
85868
85874
85948
85938
86132
85947
86325
87368
86108
87917
86066
86004
86592
85918
86716
86069
85956
85994
86362
86318
89046
86628
86025
86360
86147
86020
86454
86218
86198
86296
86438
86009
85996
85930
85948
85968
86040
85939
86042
85896
85985
86002
85964
85987
86045
87465
85979
86575
86005
86003
85927
86486
86002
86082
86293
85930
86011
85911
86027
85978
86609
86297
86019
86006
86411
86544
86424
86396
86416
86023
86310
89692
86324
86324
85933
85954
85951
85886
85937
85913
85965
86133
86412
85882
86131
86070
86049
86036
86337
85865
86348
85992
85947
86318
86368
85927
85930
88129
86102
86027
85942
85931
85963
86013
86355
85905
86110
86016
86075
87182
85951
86001
86007
85974
85963
85914
86028
85986
86018
86817
86574
87108
86045
86107
88925
85959
86072
86376
86179
85998
86001
86716
86053
85984
85932
85997
86036
86224
86010
85920
85933
86057
86237
86316
85988
86147
85984
86079
85968
85892
89440
86002
86112
86037
86646
85962
86051
86006
85949
85946
85982
86008
86003
86017
85995
86079
85969
85960
85960
85902
85910
86029
85957
86084
85981
86292
86741
91893
86121
86026
86104
85959
86376
85938
85943
86118
85945
86188
86032
86519
86016
86396
85978
86054
85987
86031
86105
85924
86137
85938
86071
86121
86009
86086
87432
85963
86114
86282
86151
85956
86352
85931
86261
86037
86315
86036
85922
85990
86020
86382
85990
86149
85971
86009
85951
86006
85993
85958
86431
86097
88515
86717
86422
86147
86181
86069
85979
85915
86418
86066
86251
86512
86372
85913
86387
85964
85945
86149
85971
85983
85966
86033
86097
85953
86140
89551
86000
86594
86412
86271
86000
86437
86492
85943
86027
85927
86328
86078
85991
85985
86039
85956
86504
86036
85927
85954
85991
86030
86172
89755
87245
85938
86325
86431
86013
86055
85939
85976
86674
86388
86308
85916
86355
86097
86308
86533
86438
86454
86156
86538
86520
86019
86585
86773
88681
86027
86042
86366
86048
86018
86222
86904
85994
85959
85906
85923
86092
85971
86365
86591
86217
85978
86064
86018
86005
85886
85931
86039
85962
91054
86059
86015
86374
86002
86445
86092
86156
86349
86043
86261
85991
86030
86465
85967
86436
86334
86343
86598
86229
86013
86345
86028
85934
86107
89271
86030
86011
86320
86901
87118
86451
86019
85917
86202
86337
85975
85970
85977
86364
86035
85914
86036
86039
86186
86160
86454
85918
85942
88076
86234
85899
85932
85972
86056
85928
86009
85926
85974
85959
85982
86090
86395
85979
85954
87134
86040
85983
85945
85958
86073
86417
86418
88738
86096
86005
87851
86402
86077
85848
85990
86009
86053
85965
86603
86039
86107
85929
85979
86043
85983
85933
86013
86246
85992
86126
85919
86401
86417
88746
86491
85940
85906
86032
85877
85930
85972
86035
85994
85971
86030
85979
85855
86006
86028
85954
86005
86327
86022
86046
85904
85941
85952
85899
87615
86080
85941
85948
86075
87965
86711
86029
86106
85899
86264
86202
86263
85884
85921
85897
86001
86017
86028
85894
85919
86013
86015
85965
85938
88937
86525
85920
86329
86403
86497
86001
86001
86041
85935
85996
86079
85879
86023
86020
86294
85898
85914
85903
85982
86008
85946
85942
85974
86034
88904
85978
86031
85910
85971
86007
86039
85997
85954
85936
86480
86623
86428
86042
85942
85910
85925
85978
86239
86321
86323
86041
86333
85958
88174
86138
86043
86046
86014
85993
85951
85966
86511
86446
86505
85926
85974
86036
85986
86045
86053
85946
86931
86669
85957
86444
85959
85924
85953
88057
85981
86783
86013
85914
85975
85978
86269
85998
86011
86000
86008
85990
86214
86313
86586
86209
86186
86077
86126
86077
85974
85987
85857
88863
86045
86049
86029
85900
85826
85955
85892
85888
85969
86018
86123
85951
85945
85986
85904
85935
86605
86077
85922
85977
85964
85901
85931
85961
85986
88338
86065
85979
86207
86098
85890
85908
85974
85837
85949
86136
86354
86392
86270
85853
86040
86745
86516
86090
85821
86228
85910
86689
86115
90019
89211
89572
90086
86720
86155
86402
86417
86068
85930
85957
86063
86096
86009
85984
86001
85899
86118
86173
85994
85883
86036
85963
85952
85983
89097
86008
85976
86020
85863
85912
85986
86013
85893
85912
85988
85983
85937
85923
85901
85980
85915
85940
86004
86013
85808
86197
86022
86363
88644
86387
85952
85972
86008
85866
85898
86106
87222
88328
85997
86052
86039
85964
86018
85971
86354
85987
85944
86315
85977
85899
85994
85896
86546
85950
88533
86553
85900
85908
85863
86009
86044
85940
85902
85855
86000
86045
85852
86035
85915
85973
86480
85903
85944
85895
86043
85935
85871
85897
85817
87669
85901
86080
85984
85991
85998
85938
86016
86234
86409
86392
86379
86338
86106
86091
86003
85972
85928
85957
86196
86020
85966
85927
85998
89010
86007
86027
85890
85995
85939
86023
85946
85944
87327
85966
85982
85849
85956
86043
85950
86334
85914
86423
86024
85997
85938
85949
85886
88613
86121
85977
88578
85942
85958
86253
86250
85979
86037
86562
86641
85948
86045
86001
85965
85987
85966
85935
86720
86657
92590
92536
90308
88365
86252
86128
86332
86058
86254
86029
86748
85908
86008
85920
85979
85954
86247
85939
85922
86039
85961
86072
85955
86027
85900
86250
85978
85951
88140
85875
85961
86021
85984
86340
87066
86031
85926
85964
86027
86283
85976
85886
86254
85942
86052
85929
86326
85952
86019
86024
