261400
188700
228200
160300
203100
149600
83500
82500
87000
101700
59400
83900
87400
60600
61100
79100
116000
90900
60300
63900
61400
55500
85900
61600
68700
56700
109500
105000
59900
54700
60500
66900
62200
57000
56800
73200
75100
71300
81600
69100
51000
55800
67600
56700
51800
56000
55000
80400
114800
75000
51200
67800
50900
88300
68800
76500
51600
50400
75300
78100
90200
49100
117900
50200
51700
45100
49200
50100
59800
71700
45800
45000
48900
44900
44500
45600
65400
45400
59900
44900
61500
59400
45100
57100
61100
44700
44700
69200
48600
60300
45200
66900
49700
60600
53500
47400
49900
49600
54600
45200
45200
59800
45700
80900
51400
64200
151600
21700
81100
29400
21200
65500
47300
21300
21400
21100
55700
21400
34300
27000
26900
20800
25100
20800
64900
25200
27000
24000
26400
26900
19200
34300
23500
41800
21300
21200
21300
21400
20100
21000
20300
20000
20700
20500
26700
19700
20200
28900
20300
20400
20000
19800
25600
29700
21000
19900
23500
19600
19900
25300
25000
20300
28200
19500
27700
19500
20400
20900
21600
23900
20100
19900
19900
19600
19800
20300
19800
28400
19600
19700
26700
21500
20000
19400
20300
33000
19600
20200
21000
21300
28100
21200
28000
27600
34300
26300
21400
27000
27500
22100
28600
27800
29500
27700
27500
28200
27300
25300
26600
27400
34200
20800
26900
20900
32700
28600
28100
28300
21300
25100
26500
28500
20400
20900
20400
20900
27400
20700
20500
20100
22300
36500
24900
50100
19200
23100
19300
18700
18400
19600
18700
18300
18500
19700
18900
31800
22300
25500
20000
18700
19700
24000
19400
18900
19900
29400
41300
57000
17800
17700
22800
18600
18800
18300
21400
18600
17600
22300
18500
18300
30400
20300
18000
21100
18700
18500
23000
17800
18700
19300
18600
18400
22300
19000
24500
29000
17600
20800
17500
17400
27500
18600
17500
18200
22000
18600
23800
18500
18600
17700
18500
27600
17700
17600
17600
18600
18600
18700
18300
17600
22100
19100
18700
18400
18000
18300
17900
23500
21600
18100
17800
17800
18000
17800
31600
28900
22300
17700
17800
17800
18000
17800
17800
21100
17600
18700
17600
17700
18000
17700
17800
23900
22500
18100
25000
17800
18100
17600
18200
17600
17800
24400
17500
17800
22400
17500
20700
18000
21400
17700
17600
22300
17800
30900
23700
18600
18500
22900
22200
31800
18300
18700
18600
18700
18500
18400
22300
22200
18600
21600
67500
19000
18100
21900
24000
22800
18200
18000
18700
18600
24800
18200
18200
18500
18700
24000
18200
22600
18300
18500
20800
24100
17700
18500
18200
22300
24300
18600
25500
18600
18700
24700
18000
25500
23400
19200
43500
19000
18600
24000
25700
30900
18800
22100
25900
25100
22400
23400
23600
18400
23100
18800
19000
22200
18700
54300
44800
20700
18400
18800
25200
24600
25200
25600
23700
25000
30700
58000
62000
23400
24300
24400
23200
22600
23500
30500
23700
18200
18000
23200
17600
17200
17100
17200
17000
17000
17200
17000
22600
17200
17500
22000
16900
16900
17100
16800
17300
17200
20200
16600
21000
18300
17100
16900
22600
24400
16900
22900
18700
22500
22700
33700
17000
16900
17300
17000
45200
17100
22100
22600
16800
19600
17700
22600
17300
17800
29500
23800
18300
23500
24000
17800
25900
23700
23100
22800
25800
24400
24000
18000
17700
23100
17300
29400
22500
23300
23700
17900
17700
19400
17300
17500
22400
18600
22200
17900
17000
17600
17800
17900
17600
21900
19800
17700
17600
17000
195100
17000
23200
22400
21600
22500
17700
17300
18300
17100
16700
16500
22000
22000
17400
22900
22700
23900
18000
17400
24700
17200
17400
17400
16800
17200
20000
19300
17600
26600
16800
16700
20800
17700
17200
17500
17000
16700
16900
17000
16600
16900
23500
16800
23300
36400
19000
23300
17000
16700
17700
16600
16600
16500
25900
17400
154800
16800
17300
18300
23100
27300
20300
23200
17100
17500
17300
17000
17300
16700
22000
16800
17700
18200
22800
21800
17200
23000
21700
22200
16900
17100
17800
22700
16800
23800
22100
16900
16700
16700
21000
16800
17900
17700
22600
30900
22800
23700
17500
38500
22800
17600
18300
19100
17400
17300
19300
19400
86500
33100
13900
15000
13200
13500
18300
15000
13600
13700
15200
13100
16200
17800
13200
13600
13700
13800
13200
15400
13600
13300
13300
13400
13400
15900
13300
13200
13500
13200
13200
13400
13400
13400
13300
13200
13300
16000
13500
18100
13300
13600
13200
13300
13600
13200
17700
13300
13300
13400
15700
12900
13400
13400
14700
13500
15800
13300
13300
13200
13300
13400
13300
13500
13400
17700
13400
13500
13400
14100
14500
15500
20800
13200
13300
13300
13600
13200
13700
13500
13300
13700
13300
15200
13700
13300
13100
15900
18200
14900
13500
15900
13300
13300
13300
25300
13300
13300
18100
13200
13700
13200
13300
13700
13700
18100
14400
13300
13600
13500
15700
57200
54100
33900
13700
13600
13700
13400
13700
13500
13700
15300
13400
13600
17700
15600
15600
13800
13600
16300
13800
17900
13600
13400
15300
13400
14900
17500
17900
21000
25800
13300
13200
15100
15600
13300
13400
13300
13300
13700
13300
15100
15200
14800
13100
13400
13300
18100
13300
15400
13200
13600
13100
13200
17500
13100
13300
13500
15800
15600
15000
13600
13300
13700
13600
15800
15500
13600
13300
13200
13300
15400
16300
16100
13300
14500
13200
15900
14800
13300
15000
13200
15000
13600
13200
13300
13300
22000
13600
14500
13600
13400
16200
27200
17700
15200
13600
14500
15900
13700
15200
15000
13600
13200
15200
13200
13100
15500
13900
15400
13100
13700
13300
18100
13400
13700
13300
21800
13300
13200
17900
13200
13200
13300
13400
15700
15700
21000
15600
13400
13700
16100
13300
13300
13300
13200
15500
13300
13200
13200
15400
13500
17000
15400
14300
15400
22300
16200
17800
15600
13400
13500
13300
13300
13400
20000
15900
16400
17000
15900
13600
13600
13400
13300
13400
15900
14800
15100
15600
14900
14900
15200
15500
13200
20900
13500
13700
13300
13600
13600
15600
17800
15100
16300
15600
15600
13400
13400
15300
13400
13300
14600
13500
13400
13600
13400
15900
13900
13400
13500
15700
13200
16100
16400
15400
13500
13200
19200
15500
13400
13200
15800
15700
13800
20100
13200
14400
13300
13500
13200
105300
15400
13300
15900
13700
13400
13200
15300
16000
19100
16000
16200
13300
21700
14100
13700
13400
13400
13300
13300
17600
13600
16900
16000
13700
15900
15600
19200
13500
13300
15100
13400
15300
13600
13400
15300
15500
14900
14600
15800
13200
13200
13600
15200
15400
13500
18300
13200
13100
13100
13500
15300
15100
23000
14900
15100
13600
13500
13300
13400
13700
13200
13600
13400
15400
15100
15600
14000
13900
15600
21200
15200
15400
13700
13400
16900
16000
16000
13500
14000
13500
15600
15700
13500
15200
15400
13400
15800
15400
14500
22800
15000
15400
15200
13600
15100
13300
21200
13400
14500
15700
16200
13600
14900
13600
15100
15600
15500
15400
15300
13300
15200
14900
15900
16200
15500
24000
14400
15900
15700
15100
13600
15200
17800
13100
15300
15000
13900
13900
14600
13300
13500
13400
13500
13300
13100
13900
13400
13500
13500
15200
13400
15900
15000
13300
13500
16000
13400
13500
18600
13300
13300
13200
13100
13400
13200
17500
13300
13500
15900
15100
15400
15400
15400
13200
15700
13400
13500
13300
13300
13500
13400
15200
13400
14900
19800
13200
13600
13200
15600
13600
13500
17500
13500
15000
13200
15100
15800
15900
15400
15100
15900
13200
15300
15000
15900
16100
16000
15400
15600
15500
14000
16100
13800
13800
13700
15600
15800
21900
15500
13400
15300
15400
13700
13400
18900
46000
15300
16000
15400
13400
13600
15100
13200
13100
15900
15300
18000
17800
14700
16700
17200
17000
28500
16200
15400
15700
17700
16300
15200
16600
21900
18300
17100
16300
16300
17700
16500
22700
16000
15600
15200
15700
16000
16000
15900
15800
15600
16100
15300
16200
13700
15800
13200
15900
15500
26800
18200
14500
15500
13900
14700
15200
34700
23800
16100
15300
20300
15800
16100
17100
16600
41100
16800
14600
20000
16600
17700
16500
16600
15900
13900
13500
15500
15500
17300
17600
15800
15900
13700
21700
13800
15100
15900
17900
14700
16000
18800
15600
14000
15300
15100
13700
15400
13300
13400
13600
13900
15900
16200
14000
15200
15600
13600
16000
14000
18500
16500
15300
13800
15000
15900
14900
23600
18000
16300
13800
15600
16200
15800
16100
16300
25700
13700
13400
15300
15700
16300
17000
22900
13600
15000
13400
15200
13600
13200
13500
15200
14900
15800
16200
15500
13400
13300
13200
13400
16500
15100
15300
13200
15100
13300
17200
13600
15900
18600
15300
13200
15500
13600
15700
15700
17600
13300
15600
13500
13100
13700
13600
13300
16500
13400
13300
15600
15100
15400
13300
16100
15200
16000
13400
20400
13100
13100
13300
13700
13300
13800
18000
15500
14800
21900
15100
15400
15800
13500
16000
13700
15800
13200
15400
13300
21500
15700
15700
36000
13700
13600
15600
13500
16200
16300
13400
15500
13500
15700
15700
15900
16600
15100
13200
22500
14200
13300
15100
13800
13600
15400
19300
15400
13700
13400
13200
13500
13300
14200
15000
13300
13200
15800
13300
13500
15800
14900
15600
15100
13500
15000
13600
15400
15800
15500
15700
13300
22000
14800
15600
15800
15500
13500
16100
22300
13300
15800
15700
15500
15400
15900
14800
14900
14700
15500
15300
13900
13500
13900
15400
15700
15400
15500
20800
15800
33800
13900
13200
20100
15500
18300
13500
13400
15000
13200
15000
13200
15600
15300
15600
13700
13200
13100
15500
13600
15300
13600
15900
13700
15600
19300
15300
15700
15800
15700
15900
21700
15600
13300
15300
13400
13800
13500
22600
15100
16000
13300
15700
14700
15800
13300
13200
13200
13600
13300
16200
15900
13600
13400
13300
15000
15600
21300
13600
17400
13100
15100
13600
13400
18200
13600
13200
13400
15700
13300
15100
21500
15100
15300
15400
16200
16000
13700
36800
16000
15300
79000
13400
15400
15300
13400
13900
13200
15500
15700
20700
15600
15500
16100
15900
15800
15100
20500
13600
34000
13600
13700
13600
15300
13600
16200
15200
16100
13700
16300
15700
15500
13600
15900
13200
15700
13600
13600
15700
13600
15600
15300
16500
15600
13700
21500
14700
13500
13500
20300
13900
15400
17500
14900
14500
15500
13900
15200
15700
13300
14000
15800
13400
13300
15800
13400
13600
13400
13400
16200
15600
22200
13300
13200
13600
13200
13400
13600
17400
15500
15100
13300
15500
13900
13800
16200
13600
13400
13400
15500
13200
15500
13500
15600
15800
13300
13700
15800
15500
15600
15900
13700
15900
13500
18100
15900
16200
15200
16200
13800
13500
20600
16700
16600
16300
16000
13800
16500
14300
15400
15500
15100
15300
15900
16100
16200
14400
13400
15600
18100
27400
15800
13500
13700
15800
13100
13800
23600
15600
15300
15200
16300
13700
15600
25100
13700
13600
13800
13800
13700
15900
14900
16300
15800
15500
16300
13300
13600
13300
14700
13700
13300
14700
21500
14000
16600
15500
16100
13200
13400
18000
15500
15800
16300
13500
14500
13700
15700
15400
16400
14000
13600
13300
13600
13000
13100
13400
13400
15700
13400
16200
15900
13300
15300
13800
13600
18400
15700
13200
13700
15700
15900
13100
19900
15200
13200
13200
15700
15000
13800
13200
14800
13000
15700
13100
13800
14400
15400
13100
13800
15400
14000
19300
13500
13300
15900
13400
15800
14300
22500
15700
16300
16900
15300
13600
16000
13600
16000
15900
13200
13600
15200
13400
14500
14100
13700
17100
16000
13900
15200
13700
13400
30400
14800
15400
21400
13800
14200
15300
15400
14000
16100
20100
15400
13300
15800
13700
15300
16400
15800
15500
15300
14900
16500
15700
15500
15400
13500
15000
14000
13400
17400
15800
16000
16300
16100
16900
16000
15200
15700
44300
15600
15300
15700
20400
16100
16100
22500
15800
15500
15400
15700
15500
16300
16600
15900
15900
16400
15900
13900
15800
15700
19200
13700
13500
16600
15700
15500
15700
16300
15600
15500
14300
22500
16300
15900
15100
15800
15600
13700
17500
15800
16000
13400
15900
15800
15600
13400
15100
13400
15200
15700
16000
13600
15900
19400
13600
13500
13300
17700
13300
14600
15800
13700
13600
13300
17800
15400
15900
15600
13500
15500
13500
17400
13200
13500
13100
13300
13000
13200
18700
13500
13400
13200
13500
15700
13000
13500
15600
13500
13400
13600
18000
13200
14800
13300
15900
15000
13400
18000
13500
18200
13300
16000
13300
13400
13300
13000
15700
13000
20100
13600
13600
13200
30400
13300
13800
13500
16300
13400
13500
13400
13400
13700
13700
18000
13600
15400
13600
14800
13700
16300
18700
15800
14400
13700
15800
13400
15700
13600
15000
13700
16100
13900
