130586
59088
65828
61124
59456
59721
60705
59209
59199
59165
60816
61217
60801
62976
59273
60069
69917
60267
60548
61425
62778
59871
59472
61514
59181
61102
60100
60500
59114
60733
60720
59367
59172
66956
59177
59468
59145
60293
60142
60423
59169
60485
59166
59869
61231
59816
60370
59547
60607
64998
60133
61777
60297
59595
61206
59355
59330
60294
60278
59206
61818
59671
60515
59496
59373
59469
59932
60401
59354
60136
60580
60201
60018
60775
59799
60024
59120
59454
59437
60272
59839
60222
59223
60290
59338
59618
59824
59350
59914
59842
59273
60370
59352
59429
62762
62010
63409
61258
73271
59181
59466
59288
59583
59377
59221
59901
59154
59266
59094
59637
59382
59433
59113
61304
60403
59728
59717
59773
59700
60090
59698
59606
59348
59382
61220
59439
59687
60163
60266
59584
74047
62188
61744
60299
60389
59793
61936
59818
61545
60677
59636
59986
59736
59473
60050
59576
59854
66508
60825
61118
61737
60608
60697
60430
59657
60206
60288
60892
60804
64651
60504
59684
59475
60174
60577
60122
60361
60179
59928
60008
59767
60671
59927
60082
68345
71437
68575
71732
66761
72450
69266
68527
71164
63744
71122
64123
66562
66837
73279
63638
63621
60897
60461
60838
60073
60842
60345
60267
60014
60056
59914
59826
62850
59815
61972
59847
59745
59893
77581
61015
60464
61812
60758
59552
59995
60068
62179
61390
61351
60271
60123
60592
60620
60005
60020
65502
60590
60662
60777
61558
60193
60243
60424
60509
61715
60747
60701
62050
62748
61513
60765
62150
61902
60318
60409
60492
60884
60455
60232
59885
59916
61240
61064
60875
60366
60081
60859
60188
60133
60230
60273
60138
60208
60220
60020
59843
60050
60393
59566
59877
59494
59563
59748
59418
59504
59662
59645
59400
59425
59712
59371
59460
59821
59325
60326
59955
59476
59473
60126
60008
59280
59918
59886
59428
59209
59183
59106
59195
60362
59276
59411
59401
59527
62022
60387
73287
59490
59810
60870
59511
61068
59295
59493
59426
59541
60437
60190
59299
59289
59619
59898
62241
59328
59561
59205
59483
59317
61082
60044
61965
60052
60521
60829
59642
61196
60491
59344
59164
59924
61116
60356
61582
59105
61023
60287
61382
60894
59183
60953
60531
60590
61310
60768
61056
59610
61473
60065
61581
59176
59145
59065
61306
60638
60072
59227
60106
60717
60356
59371
59093
59688
59279
59456
60300
59172
59224
59588
60605
59059
59224
59262
59737
60258
59751
60490
59761
62148
59998
59207
59130
59142
59216
59274
59909
59238
59070
59187
59824
59758
59748
59130
59874
59170
61185
59805
59566
60800
59400
60891
59413
61116
59816
61136
64598
59261
59159
59027
59938
64818
59901
59566
59127
60506
60105
60729
59722
59177
59850
59232
59185
60755
59701
60180
59835
60314
62313
59371
60362
60855
59584
59829
59912
60957
59116
59114
59105
59141
61208
60939
60473
60624
61247
61470
60734
60775
64496
59095
59237
59014
59218
63618
59468
59348
61277
59777
59157
59788
59568
59071
59737
65167
59183
59190
60236
59991
59048
59562
62108
60076
61693
59816
59702
59172
59032
59237
59116
59119
59077
59908
59287
59193
59030
59615
61090
63424
63661
67658
64726
63846
71826
59948
60339
59661
60017
59467
59988
59773
59041
59275
59814
59179
59065
59146
59105
59042
60893
59134
59225
59115
61681
59592
60041
59199
59219
61212
59043
60166
59824
60483
60176
61223
60577
65858
62026
62550
59613
59049
59632
61917
63055
63254
68645
61937
64176
59301
62000
62160
62481
59801
60290
61239
63182
62694
59588
59115
59644
59054
59862
59609
62862
66099
60817
59481
64093
62989
63285
63631
61622
63448
62484
60325
59068
60664
59939
59154
59476
60293
59103
60240
59075
60168
60485
60313
59432
59147
59045
59123
59328
59528
60119
59116
59038
59168
59430
59017
59072
60049
60108
59893
59673
59183
59907
59763
60005
59995
60626
60129
59082
59432
59837
59725
61039
62237
63754
60458
63779
59399
59726
59251
59253
59182
59196
59618
59267
59340
59006
59042
59125
59341
59066
59030
64934
59099
59207
59089
59271
59177
59052
62740
59313
59228
59129
59140
59101
59010
59487
59159
59195
59241
74056
59636
59106
59161
59169
60776
59053
59340
59112
59045
59001
59501
59107
59187
59109
59163
59103
59715
59566
59247
59144
59714
59400
59612
58994
59107
59005
59165
59143
59625
59307
59011
59255
59064
59243
59081
59192
59613
59947
59179
59123
59278
59138
59208
59887
59522
59124
59512
59034
59015
59161
59142
59389
59529
59072
59297
59032
59116
59116
59413
59109
59122
59096
63797
59050
59363
59037
59014
59672
59424
59054
59222
59175
59705
59032
59647
59073
59225
59166
59269
59020
59027
59166
59115
59023
59060
59521
60150
59580
59894
59115
59743
59066
59037
59055
59090
59018
59229
59144
59206
59003
59093
59065
59222
59724
59182
59111
59769
59168
59088
59598
59199
59102
59060
59292
59308
59236
59443
59568
61234
59282
59981
59124
59187
59061
59012
60125
59298
60113
59614
58971
59311
59089
71340
63101
59197
59317
59570
59055
59037
59128
59802
59070
59739
59009
59370
59739
60409
59284
61181
59251
59887
59237
60402
59067
59053
59472
59263
60219
59044
60219
59413
59199
59438
61843
59480
70463
59970
59108
59049
59542
60148
59515
60054
59448
59906
59412
59075
59699
59081
59571
59131
59179
59093
58998
60120
61147
60359
59307
59945
59428
59059
59448
59080
60254
59134
61004
59392
59100
59442
59364
60083
60437
59080
59065
59790
59104
59530
59181
59446
59728
59372
59126
59148
59230
59158
59102
59473
59196
60827
59217
59327
60008
59117
59166
59189
59115
59122
59242
59058
59021
59324
71848
61363
59099
59098
59074
59539
59428
59787
59844
65861
59480
64511
59327
60105
59069
59348
59033
59334
59023
59213
59042
59076
59160
59152
59528
59038
59156
59174
59115
59218
59256
59091
59186
59110
59044
60188
59230
59069
59244
59896
59334
59069
59269
59144
59097
59612
59261
59680
59084
59367
59398
59699
59487
59110
59718
59256
59240
63457
63264
62755
59888
59813
59373
59767
59524
59804
59981
59045
61276
59278
60266
59626
59955
59247
59513
59101
59113
59042
59156
59180
59013
61462
59249
60184
59709
60037
60420
59199
59118
59215
59867
59032
59346
59465
59026
59965
59006
59353
58977
59034
59094
59044
59044
59094
59058
59142
59069
59456
59049
59158
59218
60093
59828
59294
68198
59760
59023
59282
59057
58969
59169
59200
59114
59008
59061
59034
59155
58996
59036
58999
61262
59309
59064
59203
59415
60441
59079
62089
60597
63401
61614
61164
59156
61563
59389
59290
59110
59097
59875
60189
59751
59246
58978
60598
59327
59798
60928
59777
59381
59639
59782
60295
59771
59971
60387
61055
59088
59419
59204
59543
59117
59719
59189
60484
59669
64066
64026
59905
66294
66716
60229
64319
62092
61257
62615
60925
60093
60485
59928
60399
66211
61062
60135
59975
64367
62230
65262
60708
66590
62816
59860
60251
60677
61484
62725
60147
59815
63859
60230
62352
63924
64138
66182
61984
60406
59453
59214
64103
65729
64718
73038
73361
66561
60203
60901
66595
63692
71488
61826
64762
61004
59260
59389
59374
62932
68519
60622
60571
61078
60245
61940
61420
61137
60479
60283
60994
59685
61133
61057
61575
59837
60483
60599
62729
71872
61522
61598
71387
68797
69581
66900
65403
60592
61144
60581
60299
63570
59755
61749
59461
59656
62180
64275
60307
59441
59274
59277
59669
59082
59233
63075
59301
59660
59197
59594
59256
59388
59062
59317
59107
60294
58969
60203
58976
59259
59093
59507
59103
59949
59457
59128
59300
59143
59173
59085
59485
59317
59353
59343
59188
59112
59190
59202
59206
59288
59224
59688
59115
59385
59197
59160
59319
59154
59710
59682
59358
59803
59154
63031
59146
59577
59020
59531
59128
59293
59152
59211
59466
59170
59166
59034
61395
59073
59352
59107
59147
59097
60455
59077
59126
59050
60031
59220
59033
59235
60269
60074
59939
60911
59510
59156
59045
60693
59083
60620
62303
60615
59688
59050
61745
59626
59075
59028
59075
60601
59090
60418
59654
59644
59313
59488
59019
59051
59152
59000
60289
60159
59759
60424
59531
62467
59536
60372
59257
59217
59141
59151
60178
60398
59496
60778
59695
65260
59960
60267
59827
59711
60564
59569
59175
60043
59979
59089
59637
59563
59968
60062
60356
59404
59762
60324
59585
59143
59042
60549
59546
60671
59290
59993
59684
59051
60723
60205
60884
59996
66371
59084
60702
60343
62068
59310
59090
59946
61068
59896
60324
59735
59623
60030
59610
59418
59256
59147
59229
61379
60131
59204
60451
62424
59260
60467
60491
64544
60492
59380
60377
60402
60109
60692
60033
64619
59144
59241
59079
59121
59161
59275
59504
59911
59515
60980
64793
61794
59332
61369
61805
64860
60037
62735
60427
60054
63616
62787
60651
59418
61120
59386
59879
59612
59723
59092
59176
60078
65596
59066
59102
59073
61388
59467
59158
59642
59109
59184
59212
59191
59441
59064
59151
59323
61715
62818
62715
65387
65991
59543
59140
59873
59410
59524
60187
59305
61758
60647
59290
59269
60051
59462
59737
59315
61817
61785
63823
59627
59614
59364
59081
59434
60377
60293
59730
59259
61663
59988
59067
59056
59244
59428
59120
59119
59108
59795
59166
59153
59179
59144
59389
60028
59595
59345
59062
59282
59122
59243
59168
59258
59147
59110
59051
59109
59703
59890
59259
59211
59022
59776
59061
59086
59131
59076
59181
59235
59308
59143
59115
59134
59189
59165
59198
59160
59294
60336
59051
59238
59091
59254
59395
59289
59281
59117
59175
59072
59108
64944
59083
59125
59268
59105
60114
59284
59049
59355
59057
59500
60555
59198
59502
60950
59107
59587
63540
59108
59185
59056
59158
59180
59067
59073
59077
59660
59055
59245
59059
59064
59269
59040
60007
59027
59148
59156
59168
61135
59186
59301
59487
59243
59118
59359
59169
59090
59022
60001
59460
60045
59515
59138
59681
60549
59468
59351
59245
59504
59335
59166
59170
59496
59119
59413
59257
59487
59116
59078
59037
59089
62447
59178
59103
59042
59269
59030
59245
59486
59151
59367
59066
59072
59360
59077
59084
59193
59124
59130
59879
60585
60294
59461
59403
59151
59271
59043
59251
61358
59155
59541
59108
59607
59195
59280
59131
59549
60426
59553
59273
59235
59405
59150
59049
59260
59098
59242
59424
59164
59247
59774
59053
59142
59075
59150
59701
60238
59691
60226
59629
60449
59398
60186
59544
59191
59076
59893
59573
59146
59092
59083
59114
59269
59064
59062
59255
59094
59070
59142
59085
59075
59320
62391
59551
59229
59158
61344
59032
59122
58982
59148
59077
59070
59563
59004
59114
59040
59034
59031
60761
59131
59091
59461
59012
59208
59231
59160
58972
59072
59047
61439
59233
59288
59253
59004
59510
59086
59495
60904
59286
60033
59180
59148
58979
59081
59055
59096
59876
59034
59207
59148
59346
61006
59179
59260
59075
59048
59048
59488
60817
59382
59083
59108
59176
59025
59607
59063
59061
59033
59070
59048
59347
59714
58966
59135
59147
59401
60594
59347
59052
59479
59169
59033
59102
59014
60641
59068
59113
59418
59173
59080
58969
60048
59001
59037
58993
59017
59139
59028
59050
59289
59051
58994
58968
59365
59111
59029
59585
59079
59110
59165
59425
61004
59025
59095
59009
59310
58975
59068
59430
59484
59081
59231
60696
61542
59373
59783
61384
59393
59812
59409
59127
59166
60329
62376
59193
59098
59190
59037
59403
60287
59487
59472
59074
59370
60112
59469
60440
59901
59232
59039
59065
59245
60115
59103
59538
59318
59724
60115
60187
59091
59699
59462
59122
59369
59022
59858
61124
59759
59426
59860
60125
59134
59177
59066
61624
59832
59045
59166
59084
61663
67660
62875
62999
62950
60134
63305
64834
64866
59943
60259
59702
63713
60724
59593
59644
61551
62549
59797
59872
64492
59597
63049
61895
62829
60313
63970
64123
64311
61097
59576
61800
61713
63324
63952
64421
61009
73439
69634
67938
61209
61974
65551
62092
62396
61640
66775
65894
64349
63749
64484
65637
66357
64732
66800
62957
67122
66282
65847
67598
66851
63750
66241
62856
64734
64848
66093
64517
60971
63436
66197
64803
64161
65773
63805
64710
64574
61534
60873
59830
59861
60105
68750
65040
63538
62164
59188
59834
59095
59756
62637
59081
59383
59134
59154
59193
61142
59216
59368
59114
59015
58967
59128
59053
59192
59394
59309
59016
59115
59065
59102
59097
59231
59124
59342
59085
59013
59077
59197
59059
59097
59006
59228
59033
59049
59177
59049
59153
59102
61044
59055
59138
59060
59052
59165
59058
59123
59177
64325
59150
60001
59018
60747
59679
59102
59066
59254
60111
59087
59142
59068
59480
59532
59123
59184
59868
59298
59176
59316
59172
59098
60949
59277
60428
59721
64036
59930
59248
59084
59582
59059
59444
59056
59011
59207
59038
59467
