3733
856
696
471
819
313
361
407
251
495
497
504
230
414
543
327
358
412
454
877
427
385
825
1390
563
1568
303
355
348
350
573
406
920
304
369
276
1291
604
394
586
377
750
1059
634
1143
933
593
616
547
260
565
371
747
693
815
284
572
388
371
586
641
314
1152
255
437
595
353
350
505
393
236
490
795
351
583
199
634
285
502
403
420
650
363
535
605
467
350
851
627
223
428
342
699
722
718
285
668
663
579
622
436
459
556
344
420
623
666
577
201
325
752
815
255
292
346
509
557
319
707
363
881
292
530
275
477
655
625
312
641
217
763
780
909
499
349
524
877
286
329
443
617
179
228
1051
657
635
618
840
492
301
660
531
456
767
517
317
879
305
498
1085
527
373
514
439
921
293
581
715
601
509
551
474
542
666
663
767
786
844
678
654
947
628
1252
372
343
755
383
557
699
199
511
2425
490
536
320
366
269
584
347
734
378
266
460
375
322
306
454
277
411
474
597
311
461
217
320
116
426
166
265
283
376
375
279
475
370
542
394
369
585
338
334
406
638
675
437
270
247
255
431
217
400
436
267
447
236
309
237
573
241
558
326
320
375
365
467
305
146
660
346
503
251
713
495
801
198
605
185
440
174
405
476
440
143
367
467
297
406
188
801
239
128
365
485
331
260
254
341
390
418
385
300
349
231
394
314
269
307
216
495
487
377
315
320
298
389
536
414
392
520
492
180
255
212
182
290
266
319
315
410
278
239
440
357
329
458
238
339
334
507
384
435
436
272
304
144
484
576
315
229
278
219
543
360
324
301
283
281
235
202
533
279
463
190
335
319
200
660
320
208
281
370
278
332
419
189
493
530
293
499
449
391
266
389
232
329
237
209
239
231
218
266
871
401
464
599
231
473
271
557
244
379
298
381
486
263
183
455
304
354
163
206
240
309
575
328
426
340
137
350
383
274
334
171
288
483
363
302
230
740
317
345
250
438
240
353
429
556
456
270
209
439
588
410
676
451
379
266
629
2090
249
418
411
535
323
345
298
215
555
264
357
511
320
263
391
510
226
286
156
442
594
200
482
356
334
446
217
593
302
315
450
252
508
387
635
324
373
209
415
360
402
293
442
701
364
455
478
829
724
224
380
346
177
415
255
551
264
287
624
204
378
440
376
292
371
311
186
399
232
305
253
276
241
330
567
577
436
247
361
409
349
660
513
483
376
430
168
459
355
372
731
500
297
422
368
380
163
311
235
211
443
270
327
437
383
253
246
437
296
588
558
311
202
203
499
640
280
386
454
532
525
621
417
336
598
264
403
529
184
445
318
650
372
266
470
402
429
377
329
411
467
555
296
292
369
374
397
492
296
354
474
333
284
456
284
352
424
431
436
507
234
466
368
280
374
226
414
415
649
379
484
497
378
183
337
166
379
603
426
402
414
200
190
331
400
598
368
257
356
234
267
260
245
452
462
218
376
487
419
352
174
322
206
494
653
231
425
200
367
246
371
315
281
487
296
413
361
253
290
570
704
529
359
194
315
538
275
299
139
404
326
398
472
463
536
239
284
391
537
248
317
166
294
283
2093
523
184
665
199
699
613
395
307
410
280
262
163
648
159
238
461
331
713
506
242
327
821
254
176
353
228
624
333
355
383
921
359
263
149
238
548
250
487
249
310
405
167
223
363
510
313
362
184
343
460
396
303
515
481
206
599
423
345
855
343
267
296
383
368
205
445
278
376
457
239
201
360
162
427
338
413
210
439
281
109
217
237
411
306
490
189
314
606
401
429
211
389
718
213
145
243
398
424
860
496
369
600
289
282
147
405
264
371
309
399
502
589
465
300
641
617
747
335
511
418
581
709
432
350
482
416
780
346
487
777
336
537
313
383
453
330
304
612
773
314
352
263
407
372
146
576
542
237
540
170
204
490
345
349
321
505
607
278
400
375
234
359
420
559
220
441
426
296
435
321
400
234
482
498
322
717
416
302
296
360
494
257
286
332
458
285
404
380
275
488
566
197
302
309
398
237
240
718
947
330
354
525
474
778
335
564
218
581
765
291
334
256
444
256
322
437
424
243
295
135
382
256
395
425
277
455
566
274
292
253
198
365
413
267
2361
559
478
229
383
375
519
355
209
193
427
437
586
236
400
387
514
432
283
404
643
334
262
316
296
292
396
509
537
414
237
165
499
158
455
354
382
196
484
121
189
634
361
192
229
320
320
452
273
345
232
376
249
460
595
301
196
294
339
618
309
117
428
385
440
369
547
322
298
375
639
346
294
217
658
595
402
351
554
428
300
334
311
466
251
348
363
354
324
185
275
306
190
347
311
453
463
638
404
222
400
476
219
243
312
645
341
244
314
387
410
274
297
257
400
500
395
611
238
521
231
398
801
387
675
184
419
388
402
371
516
514
385
277
334
749
326
497
296
364
406
423
907
376
208
314
517
572
143
350
370
298
247
603
687
412
844
415
254
174
252
643
311
479
247
224
382
264
778
187
504
561
281
434
385
400
416
401
326
338
633
184
551
589
685
244
349
417
416
392
436
431
450
273
381
403
217
325
469
255
446
368
463
467
459
600
426
301
346
412
383
498
504
299
289
299
324
230
345
329
204
670
232
549
552
256
271
999
143
254
428
553
191
401
2545
656
383
479
683
383
239
465
324
291
391
334
365
560
715
286
252
384
301
176
520
634
207
472
306
275
246
433
280
479
518
379
244
338
421
365
314
152
285
224
360
643
533
229
495
113
379
243
360
181
438
299
356
225
488
101
221
205
300
170
376
307
599
230
234
323
307
425
325
221
255
410
102
511
337
290
485
408
198
277
239
372
402
268
459
504
289
460
291
206
377
245
255
301
199
273
426
515
335
435
483
217
754
296
370
434
699
289
370
431
703
551
230
807
516
432
299
261
194
304
172
205
428
327
214
310
310
193
249
200
250
550
366
285
249
361
375
403
370
276
505
359
388
274
410
636
240
347
294
382
626
335
324
245
505
237
477
245
471
292
248
179
420
314
760
415
412
631
445
335
207
237
341
234
436
336
750
747
513
206
198
464
167
436
274
233
382
341
331
358
112
812
274
597
428
645
197
415
272
414
364
328
346
544
279
440
735
396
403
417
152
271
132
384
302
500
297
428
214
577
164
502
513
310
434
172
275
375
120
301
359
395
476
311
294
128
676
453
230
160
698
326
339
232
374
422
351
308
329
439
187
353
205
536
3403
365
348
222
334
262
633
380
667
475
420
599
621
265
364
519
498
598
521
343
484
251
431
309
315
406
162
515
368
397
622
466
320
201
312
623
404
287
344
693
593
386
457
426
393
611
430
394
160
207
367
248
124
334
559
508
625
338
221
614
395
274
272
398
285
178
379
390
275
273
279
583
158
731
348
426
271
208
285
422
492
291
379
189
280
370
387
293
254
203
495
416
360
305
314
494
355
608
262
223
504
405
410
392
417
459
455
708
377
351
345
503
494
490
338
352
340
188
245
335
504
799
284
436
274
232
484
340
441
403
241
188
518
268
472
185
291
322
457
212
421
395
337
323
239
370
333
770
255
221
181
299
314
618
439
137
288
377
394
414
176
255
328
341
214
501
359
179
438
622
543
390
288
354
179
577
476
444
371
320
408
545
313
350
405
290
305
538
114
717
488
375
278
489
297
256
227
353
325
370
376
176
617
233
342
248
221
441
510
526
258
342
291
407
369
394
455
450
328
632
411
311
728
213
294
568
483
239
467
130
221
256
424
166
354
315
324
3798
431
280
327
307
386
234
322
357
234
298
280
541
148
219
289
691
372
438
358
286
388
458
212
120
551
133
528
354
792
386
199
423
201
258
415
454
375
412
380
375
174
266
201
459
227
423
300
246
653
265
373
569
485
220
309
236
251
688
318
356
348
298
442
183
289
375
221
336
161
126
456
616
356
281
325
343
155
299
470
204
351
304
178
176
347
290
635
224
614
142
412
221
448
388
813
430
334
285
130
523
133
258
516
279
92
143
466
225
351
190
337
387
283
349
229
684
488
87
403
243
131
545
288
363
472
295
598
626
174
697
261
98
364
315
185
229
312
276
457
470
360
253
404
243
472
502
501
322
682
337
584
277
275
795
436
504
324
140
315
169
395
147
243
341
600
490
278
306
308
212
354
352
359
330
311
228
377
302
368
339
580
291
145
655
361
535
293
727
514
347
253
460
356
468
286
548
432
151
473
351
414
243
317
655
336
498
540
297
508
254
264
417
388
388
291
355
643
283
246
504
429
368
293
598
438
650
243
524
178
509
700
235
256
607
348
381
464
419
368
376
384
237
442
440
257
3939
450
351
476
332
235
433
435
259
334
329
430
286
230
568
314
404
565
369
388
684
312
247
560
185
476
469
240
326
197
133
526
454
259
319
607
505
333
449
358
696
291
156
420
403
198
548
167
257
251
352
515
265
678
129
133
845
372
260
574
815
466
370
222
140
570
398
263
435
378
121
331
263
158
369
215
479
367
365
188
502
188
325
504
301
353
346
281
279
469
499
485
249
217
156
413
457
439
191
418
293
240
298
245
779
662
487
802
374
607
347
