527500
109800
167700
98300
124000
189900
131000
92000
169400
87500
55800
54000
89700
73000
50700
55200
51000
75000
83800
89400
94700
60100
55600
56200
48100
48000
92400
77500
53800
53900
48200
47900
48300
57600
53500
72300
47600
46200
45200
94200
47600
52300
62300
62200
90700
48700
55200
61900
58400
58300
47600
47800
48800
62100
51500
87600
56400
47800
100200
47200
47600
46500
66900
68500
55400
74000
46600
56100
52200
84500
50300
47100
47000
59100
50800
62500
65000
46800
55700
47000
46900
55400
55400
85400
61500
108500
62100
107600
59800
62500
56600
75600
49500
47400
46600
57600
58700
61900
47300
59700
51500
59100
58100
65000
77300
83100
53100
54800
100700
60700
86900
53600
56900
53100
51700
51600
100400
57200
55700
52100
52800
85500
46000
94100
37300
52800
122300
56800
48800
45300
43500
44000
37900
101200
45300
46700
44600
82100
47300
53300
39700
39300
39900
42200
43700
44100
58400
49800
44200
45200
43800
42700
36500
49400
44000
36800
42700
35900
44800
43500
42700
36200
43800
45100
38300
36700
35900
36000
38500
36200
43000
46700
43000
43400
60200
49600
44300
35700
42700
44700
37700
36800
41900
43100
35300
44100
44300
36000
36700
35700
35700
42700
37000
49300
36300
54100
48700
46100
36600
43400
35900
40600
40700
42100
36200
41700
35600
39400
37700
43800
36300
38600
37000
45200
36100
45700
45100
39500
41500
45500
52600
35500
41700
44500
35700
44100
40800
43200
35300
47800
49300
44700
42100
39900
41700
59200
56400
43200
57700
44600
50400
37400
36300
43300
44500
48000
43500
42700
37200
48100
79000
77900
26500
32900
26800
48000
50100
27000
26600
26700
34600
48500
28300
62600
33500
40400
66600
32500
31300
31300
33700
38400
46500
32500
31900
31200
32500
26400
31400
26500
31600
33700
27100
26100
25800
25600
29900
25800
31800
25500
35400
32000
31100
26900
31100
26200
37000
25700
25500
25600
25700
25200
26600
27500
30700
25700
31000
26000
31100
26100
30600
30200
26400
50700
27300
31000
31100
26400
25800
26200
32600
29700
26300
36400
32500
26200
30900
26200
30200
26300
30600
28900
26600
26300
26000
26500
29700
27400
31100
27800
30500
26100
58800
26200
31900
26300
29900
41200
31000
30400
31300
35700
30500
26100
36900
26400
35300
27900
28300
36400
30900
29200
30100
25600
30200
32100
31900
31400
26400
26200
39200
34200
30700
26100
30100
27400
32600
29300
31500
26100
31400
26400
31400
86600
56100
95100
23400
23200
27500
23100
26900
26400
25800
28600
1042100
27600
26000
22800
28200
26900
27800
23000
33600
23800
26500
28100
26900
22800
27600
23100
26900
22700
30100
23500
32700
27800
25400
23000
27200
28200
24900
28700
23100
27500
33500
27500
30600
26400
27900
27900
28000
29100
28100
27500
28200
31500
52000
28000
31200
34300
27000
29800
28000
28800
27900
26700
28700
28300
60300
28300
30700
29900
31900
27400
27800
27600
23200
27600
33200
32200
28900
24100
23300
27500
28300
27800
22900
23100
30100
30600
28500
27500
47900
26300
22900
31400
48500
27100
24000
27800
23200
33600
23000
26800
23200
27500
23000
27000
22600
22600
27200
22500
27600
27400
22400
23100
26700
22600
26500
22500
23000
24200
28200
22900
27200
27100
27600
22500
27000
22800
31200
26500
23200
27100
22500
27700
26700
27700
28400
32200
27000
26900
27400
22200
23100
27700
23800
22500
28800
23200
26400
22600
33100
27400
23100
22600
27500
27400
28100
22800
23100
22600
27100
34300
28200
23200
27600
27200
23200
27600
34000
26900
31700
23100
28200
23100
23100
27300
23000
23200
22900
27400
44000
22900
23300
23000
23100
23100
27400
23000
27800
23000
33100
27700
27400
22700
25000
27500
31700
28400
27600
23100
28400
27500
36700
27600
38100
26700
26000
27400
23100
23100
32500
22900
22900
23100
27200
23000
25500
27500
27400
27900
27400
24600
28500
34800
40800
32600
28300
26500
28200
27200
23900
28900
29200
28500
30000
30700
27800
24000
23600
27800
33000
24500
28000
23200
28100
23000
25900
29200
24900
23500
22900
23000
28200
23200
26800
26300
23800
27400
23000
31800
36200
26800
27500
27500
28500
23900
23100
22400
27700
41300
23300
32600
23200
27700
26700
27600
23300
27800
25200
27000
23300
27300
23700
28500
23100
23100
27100
26600
23400
27100
33000
23000
22800
27900
22400
30200
22600
22300
27600
25200
22700
27500
34400
25100
26500
26400
29100
28100
29300
28200
25400
29000
27400
23100
28300
23100
23100
26900
28700
25000
27300
23300
32500
27600
27300
25100
28300
22500
23000
23000
27400
33200
23100
32500
23500
35000
22800
27800
23200
23100
22600
27400
49500
24200
22900
27700
22900
27800
27000
22700
29500
23700
28400
27500
32000
27500
23000
27200
25200
28400
27500
27700
23300
24100
27600
27200
33000
27700
22900
27400
23500
27800
23200
27900
23900
27300
25900
23000
26900
32300
23100
27900
28000
27500
27800
27900
22900
22900
23100
23700
24600
59100
27700
38900
22300
27000
27000
23300
28200
39000
26200
27700
23200
32600
28100
24800
47100
43900
22500
32400
22500
26400
22200
22800
26300
22700
31800
22400
32500
22400
35400
26800
26600
22500
27200
26700
27500
22600
22400
31600
25800
22500
47100
25900
38700
22400
26600
44300
27000
22700
22400
27700
26800
29000
23200
26700
27700
24800
40600
22300
26300
22500
26600
23300
27900
22900
22700
25700
27000
26500
31500
56300
27300
30100
30500
22300
26400
26800
32200
26000
27300
22300
22500
28400
26200
26600
26500
29600
28200
25700
22500
26200
34100
31900
23000
27300
22300
31200
31100
26900
30100
32700
25600
26800
23200
26200
23700
25800
30700
31700
25400
26800
22800
22500
22300
26900
22300
25100
26600
26700
23200
25800
26800
26300
22000
26700
23800
26900
22500
23800
25900
32000
22400
32800
22500
26400
31200
22500
36900
27400
26800
31800
23000
27100
25700
22400
26300
27600
22500
27300
28700
27400
26700
33000
26900
26600
26200
26700
26300
32100
26800
26000
29800
26700
27200
27600
23300
26600
31300
26400
26800
26400
26800
27100
27000
26800
24800
26200
22300
32700
27000
24700
22600
26600
24800
25800
27400
26800
29300
31400
26300
31400
22200
22500
26600
25700
26800
33500
27200
26400
26900
26000
33600
26900
22500
26200
26200
26800
31500
26500
27200
22700
26800
26500
22500
25500
27200
28300
28200
26500
39100
31800
26700
26400
25200
27000
22500
30100
24200
25600
22200
22400
22300
26600
24500
42600
22100
26600
31600
26600
22100
43300
27200
60200
26000
27200
22100
22500
26800
27000
26600
26000
21900
26000
21800
26700
26600
32300
22300
36700
26300
26500
21600
27700
30900
32000
26800
30500
28700
26400
22200
24600
26600
26500
26800
31500
26700
30800
31900
32100
25300
26200
31500
31400
27000
27100
26600
27300
31600
26300
22700
31900
23700
26600
26300
26400
22300
26700
22300
26900
25700
27500
26000
32100
26600
30700
26500
26700
26600
26900
27800
26100
22400
26900
740500
22500
31300
31400
22200
27000
22500
26700
22200
31400
22700
26000
22500
26300
26700
23300
30300
26600
31700
31600
27500
27600
27800
31400
27300
27300
27400
27900
25500
26800
24800
31500
26200
27200
26000
24700
22100
26800
35500
26800
26700
31700
22400
28000
26700
23000
30800
26400
30100
26100
22500
26600
24800
30800
31600
30800
26800
23200
47900
23800
26700
26800
22700
25100
31400
26900
22700
31700
24700
32200
29900
22200
22800
22500
24600
24300
22300
26700
27300
25000
22300
25500
26700
24300
22100
31300
27300
34300
26600
26700
23900
33400
27400
25300
26100
27200
22700
31600
26200
25600
26900
27100
28000
30700
26800
28700
27000
26900
25300
26300
22200
32000
22400
22600
22700
32500
26700
26900
22500
26000
25000
23800
29900
31600
22400
26600
22400
26400
32100
25500
25600
30400
21800
25900
22800
26100
21900
26400
26900
26800
28600
26600
26700
22500
22400
22400
29800
22300
27500
25700
32300
26800
22900
22500
26700
22800
23000
22300
26600
31100
27300
25200
28200
22500
25600
26800
25900
25000
59200
30800
26700
26700
26000
23700
26700
34400
27200
22800
32200
24800
31700
22200
25700
26300
27000
24100
27200
22300
36300
26500
23700
32500
32200
26000
26100
22500
32400
24800
24600
24600
26700
22200
25500
25900
27500
27500
31100
25600
32600
26900
32900
26500
26400
26600
26100
26300
25500
22600
26200
31800
25700
23600
24800
25800
29100
30400
26400
26400
25500
21800
27000
23600
22100
26900
26300
26400
26100
26500
27800
32000
26700
26800
27000
28200
27100
22600
31800
23600
26300
25500
27100
28000
26700
22300
27000
25900
33100
23700
26400
26700
25200
31600
25400
27600
26600
22400
26100
22300
27000
27800
26600
26900
23800
22400
34200
26300
27600
30100
26500
22600
22400
26800
43100
30200
25900
26700
32700
24800
26800
33000
27200
27100
27200
26700
27000
26500
25200
31800
26900
40800
22500
25900
22500
30800
31800
28000
27300
26800
25600
26400
25100
28500
26500
27100
26600
26700
27100
25900
27300
22100
26900
27100
26900
37200
28200
22900
22700
27000
29200
25300
27000
32100
30700
22400
32300
26200
26300
22900
26700
26700
25600
22300
22400
26700
27000
27500
32100
26500
26000
31800
33900
23000
31700
22300
22600
26400
26200
23200
27300
26600
26500
22200
29700
28700
26500
27900
23300
22300
35800
26200
24600
31200
26700
25500
26500
32000
31700
31700
26500
22400
26100
31600
22400
26700
26800
25900
25700
26400
26000
31200
22300
31300
26600
25700
25700
31800
21800
26100
26600
27400
29000
26800
26700
25800
22500
51000
22500
26200
29200
32400
44300
26600
22300
27600
31400
32700
28600
26200
26400
27600
26300
31100
35900
33100
29100
28600
33200
34300
34000
58800
34100
35700
34000
33000
46800
30300
28700
31300
37800
32200
31600
32000
47800
30200
37900
28600
33900
28500
41000
40400
33800
29100
28800
29000
35800
29600
37900
35900
36300
36700
41500
37700
30500
29400
31600
30100
29900
34000
28500
35300
37700
26200
29300
35600
32900
32200
34400
37900
35900
22900
26900
22200
24300
24100
27000
26900
26100
26200
30800
23700
32700
22400
26000
22200
26200
26500
32500
23200
26400
27000
26700
26000
25700
27900
26100
25400
31100
22400
26800
27400
35500
27200
22400
27200
26800
24000
23000
29500
32000
27500
23800
29500
40200
33600
22200
22700
27100
43200
29100
23400
26500
22400
27800
27500
26500
26700
31600
26600
23300
27300
22300
26600
52100
25900
28300
26900
22400
26700
22500
27900
24400
26700
26600
22600
25500
22700
22800
22500
26900
29100
29200
28000
27000
26800
28200
28200
29300
27000
22400
37600
24800
22700
22600
22400
22500
27500
23000
33000
22300
22300
22500
32100
28800
31300
28300
26400
26300
23700
22000
26200
22400
26300
26200
26800
26800
26700
22400
27200
25600
22900
31900
29800
22400
31600
23400
27100
26800
26700
22400
25600
22700
59100
22400
26400
26500
26600
23300
26600
22000
27200
26400
42200
26800
34100
24100
26600
26600
26400
25200
26900
24100
31500
25400
26700
24700
26100
26300
32200
29700
31400
25400
27700
25200
27200
23200
31000
34800
27100
26900
31200
22200
28000
30200
25700
27300
29800
26700
27200
30400
22400
26200
22300
26400
24800
27300
26400
23700
32200
26700
28100
23000
31300
22800
25800
30000
23400
32100
27100
26000
26800
27200
24200
32500
26700
32000
25000
24400
31300
22900
26900
24700
32400
27500
30300
25900
24800
24800
27000
31900
22200
25900
26000
28000
27500
25600
33900
22500
29900
28600
26200
32800
27100
32400
27100
23800
21800
26700
26800
26800
25500
32200
31900
26700
26300
27200
32800
26400
26200
28000
28700
26700
24100
27000
29700
26400
26700
22700
30600
31200
25000
26700
26200
27500
32100
27300
27100
23000
31500
26900
32100
27200
26700
31800
26500
60100
23200
25700
27200
25700
27500
27000
27100
26800
26300
29600
26600
26500
26800
25300
26700
26200
25800
27600
28100
27700
27300
29800
25200
22800
26900
32500
25900
25900
25900
32500
26200
26900
36400
28400
32000
27000
27500
52300
22500
22400
30600
24000
23200
26900
30100
26700
27000
28500
26100
22400
31300
26500
35400
24500
26300
29700
26100
24200
26600
35700
24700
26500
26500
22300
25500
26600
67000
26800
32600
25800
28700
30600
23000
28700
31700
27900
24600
32500
28800
25500
26500
26400
32800
26100
24700
26000
23200
27300
25900
30600
25500
32100
27500
33900
22000
30000
25300
26500
27000
31700
26600
25300
28400
28700
24200
26200
28400
26900
25700
29400
27400
26600
27700
31500
25800
29000
29700
26300
26600
28700
27900
32000
26800
37600
22700
30000
28000
30300
30000
25700
27100
29800
33000
26900
22500
25500
26500
23500
27000
31900
26600
30100
25100
28500
28900
28400
22700
22700
30400
33200
26900
27000
27100
27800
31200
26600
23200
27300
27800
